448
1.2022881768643856e-02
1.0933983139693737e-02
1.0912060737609863e-02
1.0947882197797298e-02
1.0933810845017433e-02
1.0954122990369797e-02
1.0950887575745583e-02
1.0924438014626503e-02
1.0957368649542332e-02
1.0953968390822411e-02
1.0776225477457047e-02
1.0557851754128933e-02
1.0680281557142735e-02
1.0667177848517895e-02
1.0561493225395679e-02
1.0510339401662350e-02
1.0624963790178299e-02
1.0580616071820259e-02
1.0509738698601723e-02
1.0367488488554955e-02
1.0430021211504936e-02
1.0410973802208900e-02
1.0377277620136738e-02
1.0368654504418373e-02
1.0165908373892307e-02
1.0184540413320065e-02
1.0131900198757648e-02
1.0124394670128822e-02
1.0186064988374710e-02
1.0087569244205952e-02
1.0080313310027122e-02
1.0133592411875725e-02
1.0082475841045380e-02
1.1539340950548649e-02
9.9471649155020714e-03
9.9494392052292824e-03
1.0042853653430939e-02
1.1590386740863323e-02
1.0030773468315601e-02
9.9946716800332069e-03
1.1585212312638760e-02
1.1598011478781700e-02
1.0029627941548824e-02
1.1578189209103584e-02
1.1598772369325161e-02
9.9447388201951981e-03
1.1635237373411655e-02
9.8585970699787140e-03
1.0002473369240761e-02
9.8199909552931786e-03
9.8782917484641075e-03
9.8947379738092422e-03
9.9286762997508049e-03
9.8703429102897644e-03
9.8691880702972412e-03
9.8789772018790245e-03
9.9513418972492218e-03
1.1662478558719158e-02
9.8289661109447479e-03
9.8670385777950287e-03
1.0007403790950775e-02
9.9071171134710312e-03
1.1369028128683567e-02
9.8453797399997711e-03
9.8360665142536163e-03
9.8943514749407768e-03
1.1408501304686069e-02
9.7969863563776016e-03
1.1523309163749218e-02
9.7580244764685631e-03
9.7640864551067352e-03
9.8415231332182884e-03
9.8284883424639702e-03
9.8484838381409645e-03
1.1361041106283665e-02
9.6475519239902496e-03
9.6820499747991562e-03
9.5538962632417679e-03
1.1491437442600727e-02
9.7555937245488167e-03
9.5667177811264992e-03
9.8143564537167549e-03
1.1456825770437717e-02
9.5768151804804802e-03
9.7057064995169640e-03
9.9305519834160805e-03
9.7357779741287231e-03
9.6671348437666893e-03
9.7446897998452187e-03
1.1159854009747505e-02
9.5747588202357292e-03
9.6294665709137917e-03
9.7247129306197166e-03
1.1368556879460812e-02
9.6111521124839783e-03
1.1297964490950108e-02
9.6961008384823799e-03
9.6415653824806213e-03
9.5740314573049545e-03
9.6072871237993240e-03
9.5956446602940559e-03
9.6299145370721817e-03
1.0125042870640755e-02
1.1211431585252285e-02
1.1213571764528751e-02
9.4931535422801971e-03
9.5542771741747856e-03
9.5842899754643440e-03
9.5022004097700119e-03
9.5521388575434685e-03
9.4730565324425697e-03
9.5651531592011452e-03
1.1082038283348083e-02
9.5293307676911354e-03
9.5759499818086624e-03
9.5222843810915947e-03
9.5848245546221733e-03
9.5455236732959747e-03
9.4716958701610565e-03
1.1008714325726032e-02
9.4916876405477524e-03
9.5024351030588150e-03
1.1061329394578934e-02
1.0816269554197788e-02
9.4514284282922745e-03
9.4976779073476791e-03
9.3753254041075706e-03
9.5845805481076241e-03
9.4721922650933266e-03
1.0969286784529686e-02
9.4469217583537102e-03
9.5382044091820717e-03
9.5044840127229691e-03
9.5040593296289444e-03
1.0361822322010994e-02
1.0982999578118324e-02
9.4661163166165352e-03
9.4955274835228920e-03
9.3989782035350800e-03
1.1047129519283772e-02
1.1027130298316479e-02
9.3438010662794113e-03
1.1815414763987064e-02
9.4258142635226250e-03
1.1002128943800926e-02
9.5006991177797318e-03
9.4420323148369789e-03
9.3999728560447693e-03
1.1002629064023495e-02
9.4117429107427597e-03
1.0890240781009197e-02
9.3613276258111000e-03
1.1805464513599873e-02
9.3944482505321503e-03
9.3845799565315247e-03
1.0919248685240746e-02
1.0915605351328850e-02
1.0860168375074863e-02
9.4158099964261055e-03
1.1707529425621033e-02
9.3882754445075989e-03
9.4557572156190872e-03
9.3971667811274529e-03
1.1775509454309940e-02
1.0957882739603519e-02
1.0996184311807156e-02
9.3724764883518219e-03
1.1029194109141827e-02
1.0778809897601604e-02
9.2819649726152420e-03
1.0945312678813934e-02
9.3376608565449715e-03
9.3240803107619286e-03
1.0991954244673252e-02
9.3171605840325356e-03
9.4122961163520813e-03
9.4117587432265282e-03
9.3541070818901062e-03
9.3062063679099083e-03
9.3381768092513084e-03
9.3281231820583344e-03
1.1853202246129513e-02
9.2584956437349319e-03
9.2492215335369110e-03
9.3171503394842148e-03
1.0724190622568130e-02
1.0996033437550068e-02
1.1817042715847492e-02
1.0955035686492920e-02
1.0631687007844448e-02
1.0740010999143124e-02
9.3041481450200081e-03
9.2935832217335701e-03
9.3705048784613609e-03
1.1088374070823193e-02
1.0737043805420399e-02
1.1838099919259548e-02
1.0748093947768211e-02
9.2464312911033630e-03
9.3231536448001862e-03
9.3130804598331451e-03
9.2058032751083374e-03
1.0607532225549221e-02
1.0857883840799332e-02
9.2581231147050858e-03
1.0676330886781216e-02
9.2732915654778481e-03
1.0653530247509480e-02
9.2891138046979904e-03
1.0693126358091831e-02
1.1656681075692177e-02
9.2944931238889694e-03
1.1241104453802109e-02
1.0446357540786266e-02
9.2633496969938278e-03
9.3289092183113098e-03
1.1658541858196259e-02
9.2911412939429283e-03
9.3378191813826561e-03
9.2476513236761093e-03
9.2290686443448067e-03
9.2373210936784744e-03
9.2397276312112808e-03
1.1110034771263599e-02
1.0521621443331242e-02
9.2334458604454994e-03
9.3376422300934792e-03
1.0666465386748314e-02
9.2399800196290016e-03
9.2592509463429451e-03
9.1724097728729248e-03
9.3131512403488159e-03
1.0906103067100048e-02
9.1850655153393745e-03
9.2167677357792854e-03
9.2138610780239105e-03
9.2805949971079826e-03
9.2288451269268990e-03
9.2039341107010841e-03
1.0797522030770779e-02
9.2274527996778488e-03
1.0609510354697704e-02
9.1809770092368126e-03
9.2082666233181953e-03
9.1793844476342201e-03
1.0576808825135231e-02
1.0402232408523560e-02
1.0424353182315826e-02
9.2467553913593292e-03
1.0416031815111637e-02
1.0694098658859730e-02
1.1653658002614975e-02
9.3570780009031296e-03
9.1663198545575142e-03
9.1887246817350388e-03
9.1546317562460899e-03
1.0639674961566925e-02
9.1964919120073318e-03
1.0677122510969639e-02
1.0648566298186779e-02
9.1596618294715881e-03
9.2198997735977173e-03
1.0715357959270477e-02
9.1789653524756432e-03
9.1784875839948654e-03
9.1195879504084587e-03
9.2138154432177544e-03
9.2133721336722374e-03
9.1621391475200653e-03
1.0149192996323109e-02
9.1767311096191406e-03
1.0309595614671707e-02
9.1808801516890526e-03
9.1663533821702003e-03
9.1237546876072884e-03
1.0820735245943069e-02
1.0340544395148754e-02
1.0601345449686050e-02
9.1477259993553162e-03
1.1500813998281956e-02
1.0595453903079033e-02
9.1000264510512352e-03
1.0401652194559574e-02
1.0687632486224174e-02
1.0437550023198128e-02
1.0460855439305305e-02
9.1181071475148201e-03
9.0852053835988045e-03
9.1275079175829887e-03
1.0316315107047558e-02
9.0013640001416206e-03
9.0676844120025635e-03
9.1502889990806580e-03
1.0613871738314629e-02
1.1227829381823540e-02
1.1313929222524166e-02
1.1435323394834995e-02
9.1130174696445465e-03
1.0743517428636551e-02
1.1466319672763348e-02
1.0887127369642258e-02
9.0782996267080307e-03
9.0987654402852058e-03
9.0050473809242249e-03
9.0133082121610641e-03
1.0293892584741116e-02
9.0466737747192383e-03
9.0982094407081604e-03
9.1283563524484634e-03
9.1902175918221474e-03
1.1877339333295822e-02
9.0644164010882378e-03
9.1485017910599709e-03
1.0460247285664082e-02
9.0738451108336449e-03
9.0454556047916412e-03
1.1275524273514748e-02
9.1275088489055634e-03
9.1319270431995392e-03
9.1224005445837975e-03
8.9566884562373161e-03
1.1515165679156780e-02
9.1203153133392334e-03
9.1001577675342560e-03
9.0141063556075096e-03
9.0703098103404045e-03
1.0378910228610039e-02
1.1276940815150738e-02
1.0599042288959026e-02
1.0758204385638237e-02
9.0411109849810600e-03
9.1318450868129730e-03
1.0744648985564709e-02
9.1179376468062401e-03
9.1259954497218132e-03
1.1906407773494720e-02
1.1495878919959068e-02
1.0671288706362247e-02
9.0635400265455246e-03
9.0685551986098289e-03
1.0266087949275970e-02
1.0746612213551998e-02
1.0864540003240108e-02
1.0422448627650738e-02
1.0249022394418716e-02
9.0392585843801498e-03
1.0290717706084251e-02
9.1264676302671432e-03
9.0515678748488426e-03
1.0129671543836594e-02
8.9817894622683525e-03
1.0449805296957493e-02
1.1323822662234306e-02
9.1096609830856323e-03
1.0131400078535080e-02
1.1406653560698032e-02
9.0987980365753174e-03
9.6820117905735970e-03
1.0285563766956329e-02
8.9994585141539574e-03
1.1402202770113945e-02
9.0163769200444221e-03
1.0333719663321972e-02
9.0372506529092789e-03
1.0404856875538826e-02
9.2042004689574242e-03
9.0678185224533081e-03
9.0260822325944901e-03
9.1003794223070145e-03
9.0076969936490059e-03
9.0363090857863426e-03
9.0627120807766914e-03
8.9221699163317680e-03
8.9551853016018867e-03
1.1881355196237564e-02
8.9876940473914146e-03
8.9848404750227928e-03
8.9542521163821220e-03
1.0360254906117916e-02
1.1398146860301495e-02
1.0321277193725109e-02
9.0466523543000221e-03
9.0904636308550835e-03
9.0557243674993515e-03
8.9652882888913155e-03
1.0437445715069771e-02
1.1233412660658360e-02
1.0170903056859970e-02
1.0129195638000965e-02
1.0341802611947060e-02
1.1261975392699242e-02
9.0643614530563354e-03
9.0786032378673553e-03
9.0116560459136963e-03
9.0001039206981659e-03
1.0071208700537682e-02
9.0323230251669884e-03
9.0097486972808838e-03
1.0245064273476601e-02
8.9835412800312042e-03
1.0445072315633297e-02
9.0303122997283936e-03
1.0253933258354664e-02
8.9228572323918343e-03
9.0036820620298386e-03
8.9260730892419815e-03
9.0414071455597878e-03
1.0464527644217014e-02
8.9819654822349548e-03
9.0072546154260635e-03
8.9847519993782043e-03
1.1854658834636211e-02
9.0830242261290550e-03
8.9546004310250282e-03
1.0212794877588749e-02
1.0490519925951958e-02
1.0411906987428665e-02
1.1432403698563576e-02
1.0370057076215744e-02
1.1466369964182377e-02
8.9742895215749741e-03
1.0300307534635067e-02
8.9834025129675865e-03
1.0291459970176220e-02
8.9491019025444984e-03
1.0234671644866467e-02
1.1379887349903584e-02
1.0621019639074802e-02
8.9643113315105438e-03
8.9915515854954720e-03
1.0239925235509872e-02
8.9782224968075752e-03
8.8693518191576004e-03
8.9503824710845947e-03
8.9819394052028656e-03
8.9748837053775787e-03
9.8931593820452690e-03
1.0206748731434345e-02
1.0190062224864960e-02
1.0159025900065899e-02
1.1423338204622269e-02
1.0296538472175598e-02
8.9354533702135086e-03
1.0416060686111450e-02
8.9741162955760956e-03
8.9638838544487953e-03
8.8633038103580475e-03
1.1313946917653084e-02
