448
5.0924043171107769e-04
4.8930966295301914e-04
3.9674341678619385e-04
5.0455861492082477e-04
3.4511805279180408e-04
5.8038317365571856e-04
6.2031485140323639e-04
3.8114105700515211e-04
5.4743367945775390e-04
5.6896044407039881e-04
5.2940199384465814e-04
4.8457775847055018e-04
7.4193935142830014e-04
9.2366803437471390e-04
6.9563736906275153e-04
5.5465451441705227e-04
5.9507781406864524e-04
8.2150939851999283e-04
6.1249569989740849e-04
6.6501274704933167e-04
4.8110994976013899e-04
6.6015584161505103e-04
6.7891436628997326e-04
5.5891921510919929e-04
4.7722054296173155e-04
6.6264776978641748e-04
5.0821312470361590e-04
5.1270099356770515e-04
6.0379819478839636e-04
5.0068920245394111e-04
4.4210659689269960e-04
5.9988512657582760e-04
4.7869881382212043e-04
4.9129500985145569e-04
4.2094162199646235e-04
5.8018270647153258e-04
5.4357195040211082e-04
6.6787732066586614e-04
5.2081519970670342e-04
4.2413879418745637e-04
5.3211092017591000e-04
5.4759392514824867e-04
4.9067934742197394e-04
4.2853422928601503e-04
5.3758517606183887e-04
5.0952914170920849e-04
6.8287044996395707e-04
5.5157800670713186e-04
-2.2835477720946074e-03
-1.3268841430544853e-03
-3.2105357386171818e-03
4.3808534974232316e-04
5.9496832545846701e-04
4.6884382027201355e-04
6.2226178124547005e-04
3.5512895556166768e-04
5.1525450544431806e-04
6.6890736343339086e-04
-1.0407108347862959e-03
5.7675916468724608e-04
5.2997528109699488e-04
-3.2622128492221236e-04
3.7361297290772200e-04
-2.5746121536940336e-05
-1.1913584312424064e-03
8.4918650100007653e-04
3.8914696779102087e-04
-2.1874377853237092e-04
5.6564010446891189e-04
-1.0577290086075664e-03
2.3143363650888205e-03
-4.1706918273121119e-04
6.7504239268600941e-04
1.3076572213321924e-03
6.7323114490136504e-04
4.1131554171442986e-03
1.0976206976920366e-03
2.1352595649659634e-03
5.6386733194813132e-04
-3.9674941217526793e-04
3.0261736828833818e-03
-2.6111791376024485e-03
6.7465798929333687e-04
1.3550098519772291e-03
9.0160494437441230e-04
5.0957873463630676e-04
-2.3872833698987961e-03
3.4215482883155346e-03
1.7128244508057833e-04
6.0701201437041163e-04
3.0544425826519728e-03
2.1865013986825943e-03
2.9326181393116713e-03
8.1796059384942055e-04
2.4497054982930422e-03
6.0684431809931993e-04
2.1267218980938196e-03
1.6404505586251616e-03
3.0622936319559813e-03
2.3903828114271164e-03
-2.5738156400620937e-03
1.2330088065937161e-03
6.6603760933503509e-04
6.2076142057776451e-04
6.2667444581165910e-04
1.7249160446226597e-03
6.3471286557614803e-04
1.4962041750550270e-03
1.5888056950643659e-03
4.8866365104913712e-03
3.0522930901497602e-03
1.8019023118540645e-03
4.7237507533282042e-04
2.7996774297207594e-03
2.5891610421240330e-03
2.3581963032484055e-03
-3.0069501372054219e-04
2.6955341454595327e-03
4.6067889779806137e-03
5.9036171296611428e-04
1.1337531032040715e-03
2.0100995898246765e-03
5.9503794182091951e-04
6.6317734308540821e-04
1.0419334284961224e-03
2.7541117742657661e-03
1.7164894379675388e-03
2.6457938365638256e-03
3.4151035360991955e-03
6.6613894887268543e-04
3.8939763326197863e-03
5.0509786233305931e-03
2.9967885348014534e-04
2.0862012170255184e-03
7.1754388045519590e-04
6.5474753500893712e-04
2.7725307736545801e-03
4.2576598934829235e-04
2.8228822629898787e-03
6.7199114710092545e-04
7.3755654739215970e-04
2.6554022915661335e-03
7.6853774953633547e-04
3.7662785034626722e-03
5.8751885080710053e-04
4.9497042782604694e-03
3.4505256917327642e-04
4.4521298259496689e-03
5.3134222980588675e-04
7.2889202274382114e-03
7.9687481047585607e-04
4.7734710387885571e-03
5.3486361866816878e-04
3.9304997771978378e-03
4.8098936676979065e-03
4.5583519386127591e-04
6.9487449945881963e-04
4.4233220978640020e-04
6.6196187399327755e-03
5.7794508757069707e-04
3.1224959529936314e-03
4.4596227817237377e-03
5.6081749498844147e-03
5.8791926130652428e-04
6.5548479324206710e-04
6.2329170759767294e-04
5.4047014564275742e-03
5.0809234380722046e-04
5.7564902817830443e-04
2.8230305761098862e-03
5.4637558059766889e-04
3.4091481938958168e-03
7.0768371224403381e-03
5.4127862676978111e-04
8.5180569440126419e-03
3.7581857759505510e-03
5.1088882610201836e-03
6.3191885128617287e-03
9.1148978099226952e-03
6.5053417347371578e-03
6.9902869872748852e-03
7.0128915831446648e-04
2.0055116619914770e-03
6.6700442694127560e-03
4.6615903265774250e-03
5.1665544742718339e-04
4.0380173595622182e-04
6.0320959892123938e-04
5.3238589316606522e-04
7.7541981590911746e-04
5.4528057808056474e-04
5.2426350302994251e-03
1.1014588177204132e-02
4.0081245824694633e-03
5.6269293418154120e-04
4.8611586680635810e-04
6.0151895741000772e-04
5.1758921472355723e-04
6.7044943571090698e-03
6.0241580940783024e-03
3.8821147754788399e-03
7.0178704336285591e-03
5.2371970377862453e-04
4.9044325714930892e-04
5.8729480952024460e-03
5.6808145018294454e-04
9.8224598914384842e-03
5.9426005464047194e-04
6.9580017589032650e-03
6.2488706316798925e-04
5.6151882745325565e-04
5.7611623778939247e-03
4.8831815365701914e-04
5.1118928240612149e-04
7.9560140147805214e-03
5.7124206796288490e-03
7.3622143827378750e-04
5.0048418343067169e-03
6.4883697777986526e-03
5.8387820608913898e-03
3.7220707163214684e-03
5.3193923085927963e-03
6.6072111949324608e-03
3.9318448398262262e-04
5.5379781406372786e-04
9.2815859243273735e-03
4.7563929110765457e-03
5.6750653311610222e-04
9.4239991158246994e-03
6.4032874070107937e-03
4.8253298737108707e-03
3.5028867423534393e-03
6.7391735501587391e-04
1.2449827045202255e-02
5.8894590474665165e-03
4.5801051892340183e-03
4.3855509720742702e-03
4.5001665130257607e-03
5.7599623687565327e-03
4.8006430733948946e-04
8.2584591582417488e-03
6.5905315568670630e-04
9.6259890124201775e-03
7.1246204897761345e-03
6.5740384161472321e-03
4.5372277963906527e-04
5.4226192878559232e-04
5.1779521163552999e-04
7.4305348098278046e-03
3.8589275209233165e-04
5.2142218919470906e-04
4.9266731366515160e-04
5.5428314954042435e-03
7.0640794001519680e-03
8.8854106143116951e-03
6.4248964190483093e-03
5.6188838789239526e-04
9.2169130221009254e-03
6.1762076802551746e-04
4.6628108248114586e-04
1.0753830894827843e-02
7.9084010794758797e-03
5.2000931464135647e-04
8.9894048869609833e-03
1.1218351311981678e-02
7.2104986757040024e-03
1.0092931799590588e-02
7.8198956325650215e-03
7.9710241407155991e-03
5.0542276585474610e-04
8.0522354692220688e-03
4.3055132846347988e-04
7.3791649192571640e-03
5.6635155342519283e-03
9.0799266472458839e-03
4.9053097609430552e-04
4.8750106361694634e-04
4.4154145871289074e-04
5.6577064096927643e-03
5.5623881053179502e-04
6.6443876130506396e-04
8.8978670537471771e-03
5.1033776253461838e-04
5.8956205612048507e-04
4.0753802750259638e-04
5.4009445011615753e-04
6.4401635900139809e-03
1.0520949959754944e-02
7.4300752021372318e-03
4.5264701475389302e-04
1.2847025878727436e-02
7.3328586295247078e-03
9.1071538627147675e-03
4.8747862456366420e-04
5.7700870092958212e-04
4.3179371277801692e-04
5.2593537839129567e-04
8.1324949860572815e-03
4.3722934788092971e-04
5.6210462935268879e-04
4.6218873467296362e-04
8.2954876124858856e-03
8.9088529348373413e-03
7.9800356179475784e-03
7.0214546285569668e-03
4.2483466677367687e-04
8.9937541633844376e-03
9.2383557930588722e-03
5.1154983229935169e-03
1.0730277746915817e-02
4.5381445670500398e-04
7.9543301835656166e-03
7.2589539922773838e-03
5.2116834558546543e-04
6.0306605882942677e-03
1.0819780640304089e-02
4.9500569002702832e-04
7.1128527633845806e-03
9.6494248136878014e-03
9.4758849591016769e-03
1.1497289873659611e-02
4.7941628145053983e-04
7.3336488567292690e-03
7.7191665768623352e-03
9.4971656799316406e-03
1.0299059562385082e-02
4.6148657565936446e-04
4.7105547855608165e-04
3.1926605151966214e-04
4.5721518108621240e-04
1.2106099165976048e-02
8.1283403560519218e-03
4.8801413504406810e-04
8.1292362883687019e-03
6.4755738712847233e-03
5.9407693333923817e-04
3.7095652078278363e-04
5.8760953834280372e-04
8.4617249667644501e-03
9.5799556002020836e-03
4.6037093852646649e-04
4.4596113730221987e-04
4.0401692967861891e-04
4.2299315100535750e-04
3.2698654104024172e-04
8.8148154318332672e-03
5.0831638509407640e-04
6.4980876632034779e-03
1.0900067165493965e-02
3.7578598130494356e-04
7.2031551972031593e-03
4.8140768194571137e-04
4.4604629511013627e-04
7.4059995822608471e-03
3.4058204619213939e-04
3.8108325679786503e-04
9.0393917635083199e-03
8.6365209426730871e-04
4.7937297495082021e-04
1.0918587446212769e-02
4.6824544551782310e-04
1.0504215955734253e-02
4.4652901124209166e-04
7.5514987111091614e-03
4.0549397817812860e-04
8.4067163988947868e-03
1.0049884207546711e-02
9.8515721037983894e-03
7.7378088608384132e-03
9.1811278834939003e-03
1.0829523205757141e-02
8.4344549104571342e-03
7.6586548238992691e-03
8.2773678004741669e-03
3.7821396836079657e-04
9.4199543818831444e-03
8.3246463909745216e-03
7.1438490413129330e-03
5.4219318553805351e-04
4.2898816172964871e-04
3.1674717320129275e-04
9.2890337109565735e-03
5.8328229933977127e-03
1.0369207710027695e-02
9.2561347410082817e-03
4.9537234008312225e-04
4.0107331005856395e-04
5.1745714154094458e-04
3.5798703902401030e-04
3.7621147930622101e-04
4.1183360735885799e-04
9.4939889386296272e-03
8.4051368758082390e-03
9.2203086242079735e-03
1.1173518374562263e-02
3.2629564520902932e-04
8.6576323956251144e-03
7.9463189467787743e-03
4.7239099512808025e-04
1.1864208616316319e-02
3.7455125129781663e-04
8.1412103027105331e-03
3.4397825947962701e-04
1.0466847568750381e-02
1.0121329687535763e-02
8.7408619001507759e-03
1.0232299566268921e-02
3.6314295721240342e-04
8.4135327488183975e-03
6.3071250915527344e-03
8.8222296908497810e-03
3.4723788849078119e-04
7.3001510463654995e-03
1.1390086263418198e-02
2.8522519278340042e-04
3.3663454814814031e-04
2.8698449023067951e-04
4.1253946255892515e-04
2.9966703732497990e-04
3.5535707138478756e-04
6.3526588492095470e-03
3.3998125582002103e-04
8.8461972773075104e-03
3.0211810371838510e-04
1.2624898925423622e-02
4.0906114736571908e-04
3.1252286862581968e-04
3.2679730793461204e-04
6.6935718059539795e-03
8.6034173145890236e-03
4.8600032459944487e-04
8.1683527678251266e-03
9.8582394421100616e-03
6.9828187115490437e-03
9.4657698646187782e-03
6.7001776769757271e-03
-1.7114072106778622e-03
3.9707156247459352e-04
3.4102977951988578e-04
3.5498250508680940e-04
3.8182834396138787e-04
3.5409658448770642e-04
6.8001262843608856e-03
2.1248652774374932e-04
8.9034624397754669e-03
8.8926553726196289e-03
9.1536706313490868e-03
2.7919688727706671e-04
