41
1.1266984063733700e+01
-2.2360020698791672e+01
-3.1527418896535604e+01
-2.0623890621393766e+01
-2.0620477288184166e+01
-2.1510442429109364e+01
-2.1941790155382975e+01
-2.0806049347989752e+01
-2.5355094389646013e+01
-2.1246471394928914e+01
-2.2614419350678379e+01
-2.5273959464009309e+01
-2.8173507801647947e+01
-3.9543933020516853e+01
-2.9976049026632385e+01
-3.5012703204634043e+01
-3.6310329722518730e+01
-3.8907269650866112e+01
-3.9605173559184067e+01
-3.9816031192804822e+01
-4.4947012343275944e+01
-5.3140737021121993e+01
-3.5536706892164396e+01
-4.2498207389718580e+01
-4.1756649768975691e+01
-4.0075631455490722e+01
-4.6404863080106381e+01
-4.8078724640224834e+01
-4.3935444876555977e+01
-4.7784826167478776e+01
-4.8710157368538091e+01
-5.0514411693963275e+01
-6.4406989388559426e+00
-4.6893171038805463e+01
-5.1065453033457665e+01
-5.0980121172095572e+01
-4.5566892718938746e+01
-2.5749764671803668e+00
-3.2252918984287398e+00
-5.3040629294049502e+01
-5.6683768863462433e+01
