41
2.6910464477539062e+02
1.9975407409667969e+02
1.0831262588500977e+01
5.5431869506835938e+01
1.8763320922851562e+02
1.1351445770263672e+02
1.6050079345703125e+02
1.3041615295410156e+02
1.1054302215576172e+02
2.2241949462890625e+02
8.4136268615722656e+01
8.2554397583007812e+01
-6.8357162475585938e+01
-5.1797405242919922e+01
-1.0949216461181641e+02
3.4914604187011719e+01
-1.5411659240722656e+02
-1.7064517211914062e+02
-1.8973696899414062e+02
-2.1165483093261719e+02
-3.1642675781250000e+02
-3.0225189208984375e+02
-1.9089941406250000e+02
-3.3027169799804688e+02
-3.6622158813476562e+02
-2.5517977905273438e+02
-3.4664767456054688e+02
-3.0391372680664062e+02
-2.9126321411132812e+02
-3.2696298217773438e+02
-3.1108459472656250e+02
-2.6937689208984375e+02
1.0852275848388672e+02
-2.8630871582031250e+02
-2.9298193359375000e+02
-4.0411703491210938e+02
-2.8650598144531250e+02
1.6847653198242188e+02
1.5512565612792969e+02
-3.4100399780273438e+02
-3.8516036987304688e+02
